0 0.0 2.67296952643 16.0378171586 0.0
1 0.0 0.416332925102 2.49799755061 -13.5398196079
2 0.0 0.61720354404 3.70322126424 1.20522371363
3 0.0 1.87348428897 11.2409057338 7.5376844696
4 0.0 1.68799925699 10.1279955419 -1.11291019192
5 0.0 1.72841851227 10.3705110736 0.242515531716
6 0.0 1.62780397036 9.76682382219 -0.603687251445
7 0.0 0.0 0.0 -9.76682382219
8 0.0 2.14118363422 12.8471018053 12.8471018053
9 0.0 1.83510275538 11.0106165323 -1.83648527301
10 0.0 1.40776798046 8.44660788275 -2.56400864954
11 0.0 1.11662745568 6.69976473406 -1.74684314868
12 0.0 1.21174956399 7.27049738397 0.570732649902
13 0.0 0.900762315798 5.40457389479 -1.86592348918
14 0.0 1.27773736932 7.66642421591 2.26185032112
15 0.0 1.21026370984 7.26158225905 -0.404841956859
16 0.0 1.38311986625 8.29871919747 1.03713693842
17 0.0 1.38314914646 8.29889487874 0.000175681265249
18 1.0 1.53114577018 9.18687462105 0.887979742315
19 1.0 3.4595611574 20.7573669444 11.5704923233
20 1.0 1.53528715149 9.21172290894 -11.5456440354
21 1.0 2.13416107874 12.8049664725 3.59324356352
22 1.0 2.9032428646 17.4194571876 4.61449071515
23 1.0 2.4627456923 14.7764741538 -2.6429830338
24 1.0 2.43378593082 14.6027155849 -0.173758568882
25 1.0 1.57587847261 9.45527083565 -5.14744474928
26 1.0 2.25563637504 13.5338182503 4.0785474146
27 1.0 1.33914457519 8.03486745113 -5.49895079912
28 1.0 2.40382547169 14.4229528301 6.38808537901
29 1.0 2.1932269836 13.1593619016 -1.26359092855
30 1.0 2.42597556918 14.5558534151 1.39649151349
31 1.0 2.52252701706 15.1351621023 0.579308687273
32 1.0 2.50200706313 15.0120423788 -0.123119723584
33 1.0 1.92612718963 11.5567631378 -3.45527924096
34 1.0 2.91678886278 17.5007331767 5.94397003889
35 1.0 3.65924151511 21.9554490907 4.454715914
36 1.0 1.64214980452 9.85289882713 -12.1025502636
37 1.0 3.64661329521 21.8796797712 12.0267809441
38 1.0 2.45938113366 14.7562868019 -7.1233929693
39 1.0 3.830359745 22.98215847 8.22587166808
40 1.0 4.45390294157 26.7234176494 3.74125917939
41 1.0 1.46602869408 8.7961721645 -17.9272454849
42 1.0 2.9930804933 17.9584829598 9.16231079531
43 1.0 2.9149666868 17.4898001208 -0.468682839003
44 1.0 3.20746140173 19.2447684104 1.75496828955
45 1.0 3.02404321754 18.1442593052 -1.10050910513
46 1.0 2.52111322044 15.1266793226 -3.0175799826
47 1.0 1.98234548339 11.8940729003 -3.2326064223
48 1.0 4.94030560457 29.6418336274 17.7477607271
49 1.0 2.90660144855 17.4396086913 -12.2022249361
50 1.0 1.6494692378 9.89681542683 -7.54279326449
51 1.0 1.65022688909 9.90136133452 0.0045459076907
52 2.0 1.28797292366 7.72783754199 -2.17352379253
53 2.0 2.19265790076 13.1559474046 5.42810986257
54 2.0 1.64573078761 9.87438472566 -3.28156267891
55 2.0 0.569723331189 3.41833998713 -6.45604473852
56 2.0 1.63563362606 9.81380175633 6.3954617692
57 2.0 1.25536040839 7.53216245035 -2.28163930598
58 2.0 1.48896885062 8.93381310374 1.40165065339
59 2.0 1.8529298726 11.1175792356 2.18376613183
60 2.0 1.2913560036 7.74813602159 -3.36944321398
61 2.0 1.39708504327 8.38251025961 0.634374238011
62 2.0 2.57613853403 15.4568312042 7.07432094457
63 2.0 0.442443440381 2.65466064228 -12.8021705619
64 2.0 0.499889496586 2.99933697952 0.344676337234
65 2.0 1.84668053837 11.0800832302 8.08074625069
66 2.0 1.77185842754 10.6311505653 -0.448932664948
67 2.0 1.74203030039 10.4521818023 -0.17896876295
68 2.0 0.648088385182 3.88853031109 -6.56365149122
69 2.0 3.25091090191 19.5054654115 15.6169351004
70 2.0 6.17000154064 37.0200092438 17.5145438324
71 2.0 1.5394185579 9.23651134741 -27.7834978964
72 2.0 2.02977328879 12.1786397328 2.94212838535
73 2.0 2.03189970885 12.1913982531 0.0127585203387
74 2.0 1.83355813046 11.0013487827 -1.19004947036
75 2.0 1.98252226976 11.8951336186 0.893784835812
76 2.0 2.06435083725 12.3861050235 0.490971404919
77 2.0 1.86715918166 11.20295509 -1.18314993349
78 2.0 2.73045870109 16.3827522065 5.17979711654
79 2.0 2.6807366261 16.0844197566 -0.298332449948
80 2.0 1.87886698995 11.2732019397 -4.81121781689
81 2.0 1.82039987429 10.9223992457 -0.350802693945
82 2.0 1.91969969559 11.5181981735 0.595798927787
83 2.0 2.09589246971 12.5753548183 1.05715664474
84 2.0 1.77777644297 10.6666586578 -1.90869616044
85 2.0 2.58339446198 15.5003667719 4.83370811409
86 2.0 2.02263119821 12.1357871893 -3.36457958262
87 2.0 2.38149910431 14.2889946259 2.15320743656
88 2.0 2.01852749294 12.1111649577 -2.1778296682
89 2.0 2.28509967812 13.7105980687 1.59943311106
90 2.0 2.15064196659 12.9038517995 -0.806746269175
91 2.0 0.407375380686 2.44425228411 -10.4595995154
92 2.0 2.27911122113 13.6746673268 11.2304150427
93 2.0 2.27933585988 13.6760151593 0.00134783248129
94 3.0 0.855134156538 5.13080493923 -8.54521022004
95 3.0 2.05201403397 12.3120842038 7.18127926459
96 3.0 1.87711441419 11.2626864851 -1.04939771869
97 3.0 2.01446033343 12.0867620006 0.82407551549
98 3.0 2.39584923242 14.3750953945 2.28833339392
99 3.0 3.14584727827 18.8750836696 4.49998827511
100 3.0 1.78977977734 10.738678664 -8.13640500563
101 3.0 1.20891542669 7.25349256011 -3.4851861039
102 3.0 1.40603615665 8.43621693992 1.18272437981
103 3.0 0.655148381515 3.93089028909 -4.50532665083
104 3.0 1.10750801388 6.64504808327 2.71415779418
105 3.0 1.98519196159 11.9111517695 5.26610368627
106 3.0 3.71119534101 22.2671720461 10.3560202765
107 3.0 3.71212336662 22.2727401997 0.00556815366659
108 3.0 2.86044458916 17.162667535 -5.11007266477
109 3.0 2.02303366571 12.1382019943 -5.02446554067
110 3.0 3.35526740941 20.1316044565 7.99340246218
111 3.0 2.62383326883 15.742999613 -4.38860484349
112 3.0 2.07114960069 12.4268976041 -3.31610200885
113 3.0 2.63351268017 15.801076081 3.3741784769
114 3.0 3.21468669822 19.2881201893 3.48704410829
115 3.0 3.12252956128 18.7351773677 -0.552942821645
116 3.0 2.72778052101 16.366683126 -2.36849424162
117 3.0 3.13377378036 18.8026426821 2.43595955609
118 3.0 3.16606310554 18.9963786332 0.193735951112
119 3.0 3.15398348957 18.9239009374 -0.0724776958205
120 3.0 3.14755602717 18.885336163 -0.0385647744103
121 3.0 3.25130407017 19.507824421 0.622488258023
122 3.0 3.3522310938 20.1133865628 0.605562141773
123 3.0 3.38067064007 20.2840238404 0.170637277585
124 3.0 2.79480509022 16.7688305413 -3.51519329906
125 3.0 3.40766672346 20.4460003407 3.67716979941
126 3.0 3.40187979544 20.4112787727 -0.0347215680764
127 3.0 4.88290318131 29.2974190879 8.88614031521
128 3.0 3.71726359576 22.3035815746 -6.99383751329
129 3.0 3.49176953012 20.9506171807 -1.35296439385
130 3.0 3.10418814151 18.6251288491 -2.32548833168
131 3.0 3.00568878625 18.0341327175 -0.59099613158
132 3.0 0.739257006543 4.43554203926 -13.5985906782
133 3.0 4.47296987934 26.8378192761 22.4022772368
134 3.0 2.04687830928 12.2812698557 -14.5565494204
135 3.0 2.81363225241 16.8817935145 4.60052365881
136 3.0 2.81425078004 16.8855046803 0.00371116580774
137 4.0 1.00115211436 6.00691268616 -10.8785919941
138 4.0 3.52634271906 21.1580563143 15.1511436282
139 4.0 2.59641520402 15.5784912241 -5.57956509024
140 4.0 1.38522245988 8.31133475929 -7.26715646481
141 4.0 1.15398323566 6.92389941394 -1.38743534535
142 4.0 2.15437237496 12.9262342498 6.00233483583
143 4.0 0.103466142335 0.620796854008 -12.3054373958
144 4.0 1.04155437965 6.24932627791 5.6285294239
145 4.0 1.03804545294 6.22827271766 -0.0210535602446
146 4.0 2.42721564693 14.5632938816 8.33502116389
147 4.0 0.268861478506 1.61316887103 -12.9501250105
148 4.0 2.26475805666 13.58854834 11.975379469
149 4.0 0.269446220895 1.61667732537 -11.9718710146
150 4.0 2.42075996506 14.5245597904 12.907882465
151 4.0 7.21487907866 43.2892744719 28.7647146816
152 4.0 6.04396468835 36.2637881301 -7.02548634185
153 4.0 0.706909864779 4.24145918867 -32.0223289414
154 4.0 2.47437692812 14.8462615687 10.60480238
155 4.0 1.88824859994 11.3294915996 -3.51676996911
156 4.0 2.10881667768 12.6529000661 1.32340846644
157 4.0 3.53416441636 21.2049864982 8.55208643212
158 4.0 1.68920413326 10.1352247996 -11.0697616986
159 4.0 4.59790007917 27.587400475 17.4521756755
160 4.0 3.99616282453 23.9769769472 -3.61042352789
161 4.0 1.33665843844 8.01995063065 -15.9570263165
162 4.0 1.93357242762 11.6014345657 3.58148393507
163 4.0 2.53898607541 15.2339164524 3.63248188673
164 4.0 0.99202899206 5.95217395236 -9.28174250009
165 4.0 2.09355024984 12.561301499 6.60912754667
166 4.0 9.04914118321 54.2948470992 41.7335456002
167 4.0 2.08772809439 12.5263685663 -41.7684785329
168 4.0 2.37202906552 14.2321743931 1.70580582681
169 4.0 1.726603267 10.359619602 -3.87255479114
170 4.0 4.12334606624 24.7400763974 14.3804567954
171 4.0 2.00489101372 12.0293460823 -12.7107303151
172 4.0 2.15079469862 12.9047681917 0.875422109415
173 4.0 1.46961156331 8.81766937984 -4.08709881189
174 4.0 1.96292830687 11.7775698412 2.95990046138
175 4.0 5.19948761526 31.1969256915 19.4193558503
176 4.0 4.16341461404 24.9804876842 -6.2164380073
177 4.0 0.793093267405 4.75855960443 -20.2219280798
178 4.0 3.79438480426 22.7663088256 18.0077492211
179 4.0 1.37510374664 8.25062247983 -14.5156863457
180 4.0 4.82607161654 28.9564296992 20.7058072194
181 4.0 2.93279921424 17.5967952854 -11.3596344138
182 4.0 2.00676188348 12.0405713009 -5.55622398456
183 4.0 1.34301798347 8.05810790081 -3.98246340007
184 4.0 4.41408850214 26.4845310128 18.426423112
185 4.0 3.32155842863 19.9293505718 -6.55518044107
186 4.0 1.07749451238 6.46496707426 -13.4643834975
187 4.0 1.70198506574 10.2119103944 3.74694332016
188 4.0 1.10080543794 6.60483262766 -3.60707776676
189 4.0 1.72064934682 10.3238960809 3.71906345328
190 4.0 1.79194685996 10.7516811598 0.427785078821
191 4.0 1.69413818334 10.1648291001 -0.586852059692
192 4.0 1.59516880856 9.57101285137 -0.593816248697
193 4.0 1.40863985583 8.45183913499 -1.11917371638
194 4.0 1.90184187586 11.4110512551 2.95921212016
195 4.0 1.43285831791 8.59714990747 -2.81390134768
196 4.0 1.47812654309 8.86875925854 0.271609351075
197 4.0 2.00511190294 12.0306714177 3.16191215912
198 4.0 1.38148606833 8.28891641001 -3.74175500766
199 4.0 1.41326653078 8.47959918468 0.190682774677
200 4.0 1.90410238634 11.4246143181 2.94501513338
201 4.0 1.73037385857 10.3822431514 -1.04237116663
202 4.0 1.6320081163 9.7920486978 -0.590194453633
203 4.0 1.50762722836 9.04576337019 -0.746285327614
204 4.0 1.94305415329 11.6583249197 2.61256154955
205 4.0 1.11622334616 6.69734007693 -4.96098484281
206 4.0 1.65474594263 9.92847565581 3.23113557888
207 4.0 1.09320556105 6.5592333663 -3.3692422895
208 4.0 1.89548248113 11.3728948868 4.81366152048
209 4.0 1.82024733479 10.9214840087 -0.451410878074
210 4.0 1.70495426059 10.2297255636 -0.691758445148
211 4.0 1.86951409296 11.2170845577 0.987358994176
212 4.0 1.5449453514 9.26967210839 -1.94741244935
213 4.0 1.6942644623 10.1655867738 0.895914665404
214 4.0 2.18870144718 13.1322086831 2.96662190928
215 4.0 6.05528619064 36.3317171438 23.1995084608
216 4.0 1.16078688992 6.96472133949 -29.3669958044
217 4.0 1.60430293274 9.62581759647 2.66109625698
218 4.0 0.802146147809 4.81287688685 -4.81294070962
219 4.0 2.76532888558 16.5919733135 11.7790964267
220 4.0 2.17795668851 13.0677401311 -3.52423318245
221 4.0 1.13404003273 6.80424019636 -6.2634999347
222 4.0 1.55812891561 9.34877349365 2.54453329729
223 4.0 1.37092364937 8.2255418962 -1.12323159745
224 4.0 1.69817939933 10.189076396 1.96353449979
225 4.0 1.55199581537 9.31197489222 -0.877101503777
226 4.0 1.76832458026 10.6099474816 1.29797258933
227 4.0 1.46927519063 8.81565114376 -1.79429633779
228 4.0 1.46993387572 8.81960325432 0.00395211056373
229 5.0 0.890055591637 5.34033354982 -3.4792697045
230 5.0 0.970510393678 5.82306236207 0.482728812244
231 5.0 0.837767242292 5.02660345375 -0.796458908315
232 5.0 1.50884514445 9.05307086668 4.02646741293
233 5.0 2.09501202722 12.5700721633 3.51700129662
234 5.0 1.42850128458 8.57100770748 -3.99906445582
235 5.0 2.74757617791 16.4854570675 7.91444935999
236 5.0 2.29331946326 13.7599167796 -2.72554028788
237 5.0 1.92141075602 11.5284645361 -2.23145224343
238 5.0 2.12278964695 12.7367378817 1.20827334554
239 5.0 2.19993007125 13.1995804275 0.462842545831
240 5.0 1.82132882963 10.9279729778 -2.27160744976
241 5.0 2.04883723804 12.2930234283 1.36505045049
242 5.0 1.61226362802 9.67358176812 -2.61944166013
243 5.0 2.9385852641 17.6315115846 7.95792981649
244 5.0 4.59871010091 27.5922606055 9.96074902084
245 5.0 1.89499090701 11.3699454421 -16.2223151634
246 5.0 2.54184358317 15.251061499 3.88111605698
247 5.0 1.59397750229 9.56386501374 -5.68719648529
248 5.0 3.11009135561 18.6605481337 9.09668311992
249 5.0 2.46320101648 14.7792060989 -3.88134203476
250 5.0 1.52446438912 9.14678633472 -5.63241976417
251 5.0 1.52717801459 9.16306808756 0.0162817528356
252 6.0 0.0 0.0 -9.16306808756
253 6.0 0.0 0.0 0.0
254 6.0 0.0 0.0 0.0
255 6.0 0.0 0.0 0.0
256 6.0 0.0 0.0 0.0
257 6.0 4.36200343407 26.1720206044 26.1720206044
258 6.0 0.694821687198 4.16893012319 -22.0030904812
259 6.0 3.55824245262 21.3494547157 17.1805245925
260 6.0 3.08417121889 18.5050273133 -2.84442740239
261 6.0 4.00031944199 24.001916652 5.49688933866
262 6.0 0.0 0.0 -24.001916652
263 6.0 3.40068333839 20.4041000303 20.4041000303
264 6.0 4.70796520801 28.247791248 7.8436912177
265 6.0 5.7261984192 34.3571905152 6.10939926714
266 6.0 3.28766552794 19.7259931676 -14.6311973475
267 6.0 3.52338258959 21.1402955375 1.41430236988
268 6.0 1.82581038462 10.9548623077 -10.1854332298
269 6.0 2.2329932055 13.397959233 2.44309692524
270 6.0 4.32390540301 25.9434324181 12.5454731851
271 6.0 6.02703746585 36.1622247951 10.218792377
272 6.0 2.11190564648 12.6714338789 -23.4907909163
273 6.0 3.79241889168 22.7545133501 10.0830794712
274 6.0 2.45852504092 14.7511502455 -8.00336310455
275 6.0 2.64310873524 15.8586524115 1.10750216592
276 6.0 4.31551928179 25.8931156907 10.0344632793
277 6.0 1.63667930173 9.8200758104 -16.0730398803
278 6.0 2.37660818665 14.2596491199 4.43957330949
279 6.0 2.01457375829 12.0874425498 -2.17220657012
280 6.0 3.55940100547 21.3564060328 9.26896348304
281 6.0 5.21879696679 31.3127818008 9.95637576795
282 6.0 3.28414576227 19.7048745736 -11.6079072271
283 6.0 2.3373997604 14.0243985624 -5.68047601121
284 6.0 2.40984019233 14.459041154 0.434642591565
285 6.0 2.98091310733 17.885478644 3.42643748999
286 6.0 3.32460797214 19.9476478329 2.06216918889
287 6.0 3.49431962373 20.9659177424 1.01826990953
288 6.0 2.2856597516 13.7139585096 -7.25195923278
289 6.0 2.58108955099 15.486537306 1.77257879635
290 6.0 2.50950221886 15.0570133132 -0.429523992796
291 6.0 2.58947006789 15.5368204074 0.479807094203
292 6.0 2.53599536174 15.2159721704 -0.320848236921
293 6.0 2.38532330557 14.3119398334 -0.904032337035
294 6.0 2.8684735308 17.2108411848 2.8989013514
295 6.0 2.89637244089 17.3782346453 0.167393460512
296 6.0 2.255988266 13.535929596 -3.84230504932
297 6.0 2.76151123243 16.5690673946 3.03313779857
298 6.0 2.50943029039 15.0565817423 -1.51248565227
299 6.0 2.6718539618 16.0311237708 0.974542028479
300 6.0 2.25482854404 13.5289712642 -2.50215250654
301 6.0 2.66683604595 16.0010162757 2.47204501147
302 6.0 2.33949957609 14.0369974566 -1.96401881917
303 6.0 2.45945967198 14.7567580319 0.719760575312
304 6.0 2.70506098942 16.2303659365 1.47360790463
305 6.0 2.46981094843 14.8188656906 -1.41150024594
306 6.0 1.38287621064 8.29725726386 -6.52160842669
307 6.0 3.30314963519 19.8188978111 11.5216405473
308 6.0 2.15891463381 12.9534878028 -6.86541000831
309 6.0 2.1600491707 12.9602950242 0.00680722139173
310 7.0 0.613578456135 3.68147073681 -9.27882428742
311 7.0 2.89137960294 17.3482776176 13.6668068808
312 7.0 0.712194944584 4.2731696675 -13.0751079501
313 7.0 0.576019985397 3.45611991238 -0.817049755118
314 7.0 0.408010857352 2.44806514411 -1.00805476827
315 7.0 0.180568774685 1.08341264811 -1.364652496
316 7.0 0.392250279939 2.35350167964 1.27008903153
317 7.0 0.443370732475 2.66022439485 0.306722715214
318 7.0 0.329374185152 1.97624511091 -0.683979283935
319 7.0 0.759260007653 4.55556004592 2.579314935
320 7.0 0.337374514117 2.0242470847 -2.53131296122
321 7.0 0.403899002557 2.42339401534 0.399146930643
322 7.0 0.23117816042 1.38706896252 -1.03632505283
323 7.0 0.186592948934 1.1195576936 -0.267511268915
324 7.0 0.206622735747 1.23973641448 0.120178720876
325 7.0 0.800883879363 4.80530327618 3.5655668617
326 7.0 0.512561855186 3.07537113112 -1.72993214506
327 7.0 0.223475494587 1.34085296752 -1.7345181636
328 7.0 0.398024059726 2.38814435836 1.04729139084
329 7.0 0.323011956352 1.93807173811 -0.450072620245
330 7.0 0.209274382498 1.25564629499 -0.682425443129
331 7.0 0.688018699817 4.1281121989 2.87246590391
332 7.0 0.345288785083 2.0717327105 -2.0563794884